123
125
149
398
415
534
690
753
800
881
990
1123
1493
1664
1722
1757
1760
1834
1861
2877
2962
3414
3509
3514
3599
3729
3856
4240
4326
4459
4548
4627
5005
5477
5531
5866
5874
6089
6120
6825
7066
7205
7235
7578
7593
7652
7769
7792
7849
7858
7893
8101
8250
8447
8793
8989
9142
9333
9363
9607
10429
10515
10595
10600
10791
11204
11474
11540
11576
11682
11889
11896
11982
12418
12476
12650
13073
13087
13235
13725
13782
14433
14557
14583
14784
14913
15073
15085
15381
15550
15771
15826
15889
16045
16241
16461
16959
17352
17733
17969
18033
18359
18504
18657
18740
18841
18890
19124
19319
19363
19506
19526
19630
19900
19904
20089
20208
20735
20830
20851
20916
20932
20960
21177
21291
21531
22142
22342
22398
22503
22978
23014
23224
23367
23427
23650
23741
24212
24348
24385
24601
25021
25433
25483
25645
25876
25931
25959
26054
26064
26241
26255
26764
26802
26878
26924
27203
27224
27799
27872
28023
28618
29076
29368
29591
29924
30257
30275
30283
30401
30444
30590
30654
30737
30811
31014
31332
31699
31714
31756
31842
31901
32117
32119
32172
32343
32611
32928
32947
32984
33062
33088
33246
33272
33338
33354
33538
33648
33669
33684
33748
33856
33872
34057
34373
34382
34836
35124
35145
35151
35435
35467
35850
36023
36029
36040
36353
36400
36765
36863
36984
37051
37061
37198
37406
37498
37565
37588
37698
37713
37848
37983
38326
38393
38408
38883
38985
39103
39110
39254
39313
39361
39447
39584
39675
39823
39948
39978
40040
40058
40501
40507
40676
40727
41366
41510
41624
42001
42133
42207
42233
42603
43068
43208
43248
43577
43610
43613
43823
44229
44567
44725
44739
44838
44880
45219
45261
45467
45718
46065
46101
46359
46549
46912
47011
47115
47297
47746
47755
47981
48190
48207
48345
48434
49044
49229
49365
49481
49525
49656
